#Encrypted using JFCrypt
908406338599488
936794036680722
965181734761956
2781994411960932
2810382110042166
2838769808123400
2867157506204634
2895545204285868
2923932902367102
1163895621330594
1192283319411828
1220671017493062
1249058715574296
1277446413655530
1305834111736764
1334221809817998
1362609507899232
1390997205980466
1419384904061700
1447772602142934
1476160300224168
1504547998305402
1532935696386636
1561323394467870
1589711092549104
1618098790630338
1646486488711572
1674874186792806
1703261884874040
1731649582955274
1760037281036508
1788424979117742
1816812677198976
1845200375280210
1873588073361444
1901975771442678
1930363469523912
1958751167605146
3775563844804122
3803951542885356
2043914261848848
2072301959930082
2100689658011316
2129077356092550
2157465054173784
2185852752255018
2214240450336252
2242628148417486
4059440825616462
4087828523697696
2327791242661188
2356178940742422
2384566638823656
2412954336904890
2441342034986124
2469729733067358
4286542410266334
4314930108347568
2554892827311060
2583280525392294
4400093202591270
2640055921554762
2668443619635996
2696831317717230
2725219015798464
2753606713879698
2781994411960932
2810382110042166
2838769808123400
2867157506204634
2895545204285868
2923932902367102
2952320600448336
2980708298529570
3009095996610804
3037483694692038
3065871392773272
3094259090854506
3122646788935740
4939459466134716
4967847164215950
2583280525392294
3236197581260676
3264585279341910
3718788448641654
3321360675504378
5138173352703354
5166561050784588
5194948748865822
5223336446947056
3889114637129058
5280111843109524
5308499541190758
5336887239271992
3576849958235484
3605237656316718
5422050333515694
5450438031596928
5478825729678162
5507213427759396
3747176146722888
3775563844804122
5592376522003098
5620764220084332
5649151918165566
5677539616246800
3917502335210292
5734315012409268
5762702710490502
5791090408571736
5819478106652970
5847865804734204
5876253502815438
5904641200896672
5933028898977906
5961416597059140
5989804295140374
4229767014103866
6046579691302842
4712357881484844
4314930108347568
4769133277647312
6160130483627778
6188518181709012
6216905879790246
4456868598753738
4485256296834972
6302068974033948
6330456672115182
4996234862297184
4598807089159908
5053010258459652
6444007464440118
6472395162521352
6500782860602586
4740745579566078
6557558256765054
5223336446947056
4825908673809780
5280111843109524
6671109049089990
5138173352703354
6727884445252458
5223336446947056
6784659841414926
6813047539496160
6841435237577394
5081397956540886
5109785654622120
6926598331821096
6954986029902330
6983373727983564
7011761426064798
5251724145028290
5280111843109524
7096924520308500
7125312218389734
7153699916470968
7182087614552202
7210475312633436
5876253502815438
5478825729678162
5933028898977906
4911071768053482
5563988823921864
6018191993221608
5620764220084332
6074967389384076
5677539616246800
5705927314328034
5734315012409268
6188518181709012
5791090408571736
7607903085770712
7636290783851946
5876253502815438
7607903085770712
6358844370196416
5961416597059140
7778229274258116
7806616972339350
6046579691302842
7778229274258116
6529170558683820
6131742785546544
7948555462745520
7976943160826754
6216905879790246
8062106255070456
6699496747171224
6302068974033948
8118881651232924
8147269349314158
8175657047395392
6841435237577394
6444007464440118
8260820141639094
8289207839720328
6529170558683820
8374370933964030
7011761426064798
6614333652927522
8431146330126498
8459534028207732
7125312218389734
6727884445252458
7182087614552202
6784659841414926
7238863010714670
6841435237577394
7295638406877138
6898210633739862
7352413803039606
6954986029902330
8771798707101306
8800186405182540
7040149124146032
8885349499426242
7522739991527010
7125312218389734
8942124895588710
8970512593669944
7636290783851946
7238863010714670
7693066180014414
7295638406877138
9112451084076114
9140838782157348
7380801501120840
9112451084076114
7863392368501818
7465964595364542
9282777272563518
9311164970644752
7551127689608244
9282777272563518
8033718556989222
7636290783851946
9453103461050922
9481491159132156
9509878857213390
8175657047395392
7778229274258116
8232432443557860
7835004670420584
7238863010714670
8317595537801562
7920167764664286
8374370933964030
9765368139944496
9793755838025730
9822143536106964
8487921726288966
8090493953151690
8544697122451434
9935694328431900
8601472518613902
8204044745476626
8658247914776370
8260820141639094
8715023310938838
8317595537801562
8771798707101306
8374370933964030
8828574103263774
8431146330126498
8885349499426242
10276346705406708
8942124895588710
8544697122451434
8998900291751178
8601472518613902
9055675687913646
8658247914776370
8686635612857604
9140838782157348
8743411009020072
9197614178319816
10588611384300282
9254389574482284
8856961801345008
9311164970644752
8913737197507476
9367940366807220
10758937572787686
9424715762969688
9027287989832412
9481491159132156
10872488365112622
9538266555294624
9140838782157348
9595041951457092
9197614178319816
9651817347619560
9254389574482284
9708592743782028
11099589949762494
9765368139944496
9367940366807220
9822143536106964
9424715762969688
9878918932269432
11269916138249898
9935694328431900
9538266555294624
9992469724594368
9595041951457092
10049245120756836
11440242326737302
10106020516919304
9708592743782028
10162795913081772
9765368139944496
10219571309244240
9822143536106964
10276346705406708
9878918932269432
10134408215000538
11724119307549642
11752507005630876
9992469724594368
10020857422675602
10304734403487942
11866057797955812
10531835988137814
10134408215000538
10162795913081772
9566654253375858
11922833194118280
12036383986443216
12064771684524450
12093159382605684
12121547080686918
10787325270868920
12093159382605684
12206710174930620
12235097873011854
12263485571093088
12291873269174322
10957651459356324
12348648665336790
11014426855518792
10616999082381516
11071202251681260
12462199457661726
11127977647843728
12433811759580492
12547362551905428
12575750249986662
11156365345924962
10844100667031388
11298303836331132
12689301042311598
11355079232493600
10957651459356324
10986039157437558
11014426855518792
12746076438474066
12859627230799002
12888014928880236
11468630024818536
12944790325042704
11610568515224706
12916402626961470
13029953419286406
13058341117367640
11724119307549642
13029953419286406
13143504211611342
13171891909692576
11752507005630876
13228667305855044
11894445496037046
13285442702017512
11951220892199514
13257055003936278
13370605796261214
13398993494342448
11979608590280748
13455768890504916
12121547080686918
13427381192423682
13540931984748618
13569319682829852
12235097873011854
13626095078992320
12291873269174322
13597707380911086
13711258173236022
13739645871317256
13768033569398490
13796421267479724
12462199457661726
13853196663642192
12518974853824194
12121547080686918
12575750249986662
13966747455967128
12632525646149130
14023522852129596
14051910550210830
14080298248292064
14108685946373298
12575750249986662
14165461342535766
12660913344230364
12433811759580492
12462199457661726
12490587155742960
11894445496037046
12547362551905428
12575750249986662
12604137948067896
12632525646149130
12660913344230364
12689301042311598
12717688740392832
12746076438474066
12774464136555300
12802851834636534
12831239532717768
12859627230799002
12888014928880236
12916402626961470
12944790325042704
12973178023123938
13001565721205172
13455768890504916
14846766096485382
14875153794566616
14903541492647850
14931929190729084
13597707380911086
13200279607773810
13228667305855044
13257055003936278
13285442702017512
13313830400098746
13342218098179980
13370605796261214
13398993494342448
13427381192423682
13455768890504916
13484156588586150
13512544286667384
13540931984748618
13569319682829852
13597707380911086
13626095078992320
13654482777073554
13682870475154788
13711258173236022
13739645871317256
13768033569398490
13796421267479724
13824808965560958
13853196663642192
13881584361723426
13909972059804660
13938359757885894
13966747455967128
13995135154048362
14023522852129596
14051910550210830
14080298248292064
14108685946373298
14137073644454532
14165461342535766
14193849040617000
14222236738698234
14250624436779468
14279012134860702
14307399832941936
14335787531023170
14364175229104404
14392562927185638
14420950625266872
14449338323348106
14477726021429340
14506113719510574
14534501417591808
14562889115673042
14591276813754276
14619664511835510
14648052209916744
14676439907997978
14704827606079212
14733215304160446
14761603002241680
14789990700322914
14818378398404148
14222236738698234
16039049415897210
16890680358334230
14931929190729084
17486822018040144
17231332735309038
17430046621877676
15045479983054020
16975843452577932
16947455754496698
17344883527633974
15159030775378956
17515209716121378
17174557339146570
17089394244902868
17202945037227804
15300969265785126
17713923602690016
17401658923796442
17458434319958910
17770698998852484
15783560133166104
15471295454272530
17344883527633974
17742311300771250
17486822018040144
15584846246597466
18139739073908526
17884249791177420
18082963677746058
15698397038922402
17657148206527548
17997800583502356
17997800583502356
16010661717815976
18224902168152228
15868723227409806
18026188281583590
18139739073908526
18196514470070994
18452003752802100
16010661717815976
18423616054720866
18111351375827292
17941025187339888
18508779148964568
16152600208222146
18565554545127036
18253289866233462
18196514470070994
16266151000547082
18423616054720866
18281677564314696
18877819224020610
16379701792872018
18480391450883334
18792656129776908
16464864887115720
17004231150659166
16975843452577932
17004231150659166
17146169641065336
17061006546821634
17259720433390272
17004231150659166
16691966471765592
19246859299076652
18991370016345546
19190083902914184
16805517264090528
18735880733614440
19190083902914184
18735880733614440
18821043827858142
19076533110589248
18934594620183078
18934594620183078
17032618848740400
19445573185645290
19133308506751716
19076533110589248
17146169641065336
19019757714426780
19360410091401588
19246859299076652
19502348581807758
19615899374132694
19388797789482822
19729450166457630
19417185487564056
19587511676051460
17430046621877676
19303634695239120
19701062468376396
19445573185645290
17543597414202612
18735880733614440
17600372810365080
19615899374132694
19502348581807758
19757837864538864
19871388656863800
19701062468376396
19701062468376396
18196514470070994
17202945037227804
19332022393320354
19928164053026268
19757837864538864
20325591826163544
20325591826163544
17997800583502356
19871388656863800
20212041033838608
20410754920407246
20183653335757374
20155265637676140
20212041033838608
20581081108894650
18224902168152228
20637856505057118
20325591826163544
20552693410813416
20751407297382054
20382367222326012
20439142618488480
18764268431695674
18452003752802100
20325591826163544
20723019599300820
21063671976275628
18565554545127036
20581081108894650
20581081108894650
20609468806975884
20609468806975884
20581081108894650
20581081108894650
20666244203138352
20921733485869458
18821043827858142
21319161259006734
21120447372438096
21319161259006734
21092059674356862
20893345787788224
18991370016345546
20893345787788224
21006896580113160
19076533110589248
20950121183950692
21404324353250436
21489487447494138
21262385862844266
21120447372438096
21319161259006734
21120447372438096
21688201334062776
21290773560925500
21290773560925500
19417185487564056
18792656129776908
18821043827858142
21375936655169202
21744976730225244
21744976730225244
21943690616793882
21432712051331670
21517875145575372
22028853711037584
20410754920407246
19701062468376396
21688201334062776
21915302918712648
21858527522550180
21659813635981542
22199179899524988
20268816430001076
21858527522550180
22284342993768690
22085629107200052
21943690616793882
22170792201443754
22114016805281286
22284342993768690
22057241409118818
22341118389931158
21063671976275628
22454669182256094
22539832276499796
22483056880337328
22653383068824732
22539832276499796
22539832276499796
22539832276499796
22227567597606222
22483056880337328
22596607672662264
20864958089706990
22397893786093626
22766933861149668
22738546163068434
19956551751107502
22624995370743498
22710158464987200
23050810841962008
22738546163068434
23135973936205710
22624995370743498
20779794995463288
23079198540043242
22681770766905966
22880484653474604
22852096955393370
21659813635981542
20950121183950692
23022423143880774
23391463218936816
23419850917018050
23334687822774348
23448238615099284
21858527522550180
21574650541737840
21603038239819074
23221137030449412
23306300124693114
23646952501667922
23334687822774348
23732115595911624
23221137030449412
21773364428306478
23306300124693114
23675340199749156
23646952501667922
21915302918712648
23618564803586688
23788890992074092
23788890992074092
23817278690155326
23590177105505454
23817278690155326
23533401709342986
23703727897830390
23817278690155326
23987604878642730
22227567597606222
23022423143880774
22937260049637072
22880484653474604
24243094161373836
24470195746023708
24243094161373836
24385032651780006
21404324353250436
21432712051331670
21461099749412904
21489487447494138
21517875145575372
21546262843656606
21574650541737840
21603038239819074
24441808047942474
24129543369048900
24243094161373836
24299869557536304
22369506088012392
24271481859455070
24952786613404686
23192749332368178
21858527522550180
22511444578418562
22539832276499796
22568219974581030
24385032651780006
24413420349861240
24441808047942474
22681770766905966
22710158464987200
22738546163068434
22766933861149668
22795321559230902
22823709257312136
22852096955393370
22880484653474604
22908872351555838
22937260049637072
22965647747718306
22994035445799540
23022423143880774
23050810841962008
23079198540043242
23107586238124476
23135973936205710
23164361634286944
23192749332368178
23221137030449412
23249524728530646
23277912426611880
23306300124693114
23334687822774348
25151500499973324
23391463218936816
23419850917018050
23448238615099284
23476626313180518
23505014011261752
23533401709342986
23561789407424220
23590177105505454
25406989782704430
25435377480785664
23675340199749156
25492152876948132
23732115595911624
23760503293992858
23788890992074092
23817278690155326
23845666388236560
23874054086317794
23902441784399028
23306300124693114
23959217180561496
23987604878642730
26627660800197492
25832805253922940
24072767972886432
24101155670967666
26741211592522428
24157931067130134
24186318765211368
24214706463292602
24243094161373836
24271481859455070
24299869557536304
24328257255617538
24356644953698772
24385032651780006
24413420349861240
24441808047942474
24470195746023708
24498583444104942
24526971142186176
24555358840267410
24583746538348644
24612134236429878
24640521934511112
24668909632592346
24697297330673580
24725685028754814
24754072726836048
27394128648390810
24810848122998516
27450904044553278
24867623519160984
24896011217242218
24924398915323452
24952786613404686
24981174311485920
25009562009567154
25463765178866898
25066337405729622
26883150082928598
25350214386541962
26939925479091066
25435377480785664
25208275896135792
25236663594217026
25265051292298260
25293438990379494
25321826688460728
25350214386541962
24725685028754814
25492152876948132
24810848122998516
25463765178866898
25492152876948132
25520540575029366
25548928273110600
28188984194665362
25605703669273068
28245759590827830
25662479065435536
27479291742634512
27507679440715746
27536067138796980
25776029857760472
25804417555841706
27621230233040682
25861192952004174
27678005629203150
27706393327284384
25946356046247876
25974743744329110
27791556421528086
26031519140491578
27848331817690554
27876719515771788
26116682234735280
26145069932816514
26173457630897748
27990270308096724
28018658006177958
28047045704259192
28898676646696212
26315396121303918
28955452042858680
26372171517466386
28188984194665362
28217371892746596
26457334611710088
28274147288909064
29125778231346084
26542497705953790
29182553627508552
28387698081234000
26627660800197492
28444473477396468
26684436196359960
28501248873558936
26741211592522428
28558024269721404
28586411967802638
26826374686766130
26854762384847364
26230233027060216
26996700875253534
26315396121303918
26968313177172300
26996700875253534
27025088573334768
27053476271416002
29693532192970764
27110251667578470
29750307589133232
27592842534959448
27195414761822172
29012227439021148
27252190157984640
28983839740939914
29920633777620636
27337353252228342
27564454836878214
29182553627508552
27422516346472044
29154165929427318
30090959966108040
27507679440715746
27734781025365618
29352879815995956
27592842534959448
29324492117914722
27649617931121916
28103821100421660
27706393327284384
29523206004483360
27763168723446852
29494818306402126
27819944119609320
30460000041164082
28302534986990298
27905107213853022
29721919891051998
29778695287214466
27990270308096724
30630326229651486
28047045704259192
28075433402340426
29892246079539402
30743877021976422
28160596496584128
30800652418138890
28217371892746596
28444473477396468
30062572268026806
28302534986990298
30034184569945572
28359310383152766
27734781025365618
28501248873558936
28529636571640170
28558024269721404
27876719515771788
28955452042858680
30261286154595444
30374836946920380
30403224645001614
29069002835183616
28671575062046340
29125778231346084
28728350458208808
28983839740939914
30573550833489018
29069002835183616
28841901250533744
31481957172088506
28898676646696212
31538732568250974
28955452042858680
31595507964413442
29012227439021148
31652283360575910
29069002835183616
31709058756738378
29125778231346084
31765834152900846
29182553627508552
31822609549063314
29239329023671020
29267716721752254
31084529398951230
31112917097032464
29778695287214466
29381267514077190
32021323435631952
29438042910239658
29693532192970764
31283243285519868
32134874227956888
29551593702564594
32191649624119356
29608369098727062
32248425020281824
29665144494889530
32305200416444292
29721919891051998
32361975812606760
29778695287214466
32418751208769228
29835470683376934
32475526604931696
29892246079539402
32532302001094164
29296104419833488
30062572268026806
29381267514077190
31737446454819612
31850997247144548
31879384945225782
31907772643307016
31936160341388250
30601938531570252
30204510758432976
31936160341388250
32049711133713186
32078098831794420
32106486529875654
30772264720057656
32986505170393908
32191649624119356
33043280566556376
30460000041164082
33100055962718844
32305200416444292
33156831358881312
32361975812606760
33213606755043780
30630326229651486
33270382151206248
32475526604931696
33327157547368716
32447138906850462
32560689699175398
32589077397256632
32617465095337866
33469096037774886
32674240491500334
33525871433937354
32645852793419100
32759403585744036
32787791283825270
31368406379763570
32844566679987738
33696197622424758
32901342076150206
33752973018587226
31169692493194932
33809748414749694
33014892868475142
33866523810912162
33071668264637610
33923299207074630
31340018681682336
33980074603237098
33185219056962546
34036849999399566
31453569474007272
31481957172088506
31595507964413442
31623895662494676
31652283360575910
31680671058657144
31709058756738378
31737446454819612
31765834152900846
31794221850982080
31822609549063314
31141304795113698
31794221850982080
31822609549063314
31850997247144548
31879384945225782
31907772643307016
31936160341388250
31964548039469484
31992935737550718
32021323435631952
32049711133713186
32078098831794420
32106486529875654
32134874227956888
32163261926038122
32191649624119356
32220037322200590
32248425020281824
32276812718363058
32305200416444292
32333588114525526
32361975812606760
32390363510687994
32418751208769228
32447138906850462
32475526604931696
32503914303012930
32532302001094164
32560689699175398
32589077397256632
32617465095337866
32645852793419100
32674240491500334
32702628189581568
32731015887662802
32759403585744036
32787791283825270
32816178981906504
32844566679987738
32872954378068972
32901342076150206
32929729774231440
32958117472312674
32986505170393908
33014892868475142
33043280566556376
33071668264637610
33100055962718844
33128443660800078
33156831358881312
33185219056962546
32589077397256632
33241994453125014
33270382151206248
33298769849287482
33327157547368716
33355545245449950
33383932943531184
33412320641612418
33440708339693652
33469096037774886
33497483735856120
33525871433937354
33554259132018588
33582646830099822
33611034528181056
33639422226262290
33667809924343524
33696197622424758
33724585320505992
33752973018587226
33781360716668460
33809748414749694
33838136112830928
33866523810912162
33894911508993396
33923299207074630
33951686905155864
33980074603237098
34008462301318332
34036849999399566
34065237697480800
34093625395562034
34122013093643268
34150400791724502
34178788489805736
34207176187886970
34235563885968204
34263951584049438
34292339282130672
34320726980211906
34349114678293140
34377502376374374
34405890074455608
34434277772536842
34462665470618076
34491053168699310
34519440866780544
34547828564861778
34576216262943012
34604603961024246
34632991659105480
34036849999399566
